<---------------------------------->
[]
********************
[]
********************
[array([[ 0.05942393,  0.15298413],
       [-0.01958713, -0.04030199],
       [-0.20127594, -0.19043009],
       [-0.11341081, -0.0583631 ],
       [-0.08727886, -0.05033182],
       [-0.08229642, -0.12806416],
       [-0.02894121, -0.09462527],
       [ 0.00385473,  0.01468971]], dtype=float32)]
********************
[array([[ 0.00673946,  0.03255931, -0.00041568, -0.03402986],
       [ 0.00180844, -0.00542139,  0.04647746,  0.04860142],
       [ 0.13800676,  0.17556626,  0.21324323,  0.11386711],
       [ 0.30186966,  0.41033098,  0.31940946,  0.31538934],
       [ 0.02881605,  0.08716105,  0.02333899,  0.03917143],
       [ 0.04110122,  0.09848208,  0.10488443,  0.00522334],
       [ 0.0175459 ,  0.06200812,  0.05630742,  0.00190661],
       [ 0.06566571,  0.0283076 , -0.00507889,  0.01578812],
       [ 0.07182962,  0.01259814,  0.05407075,  0.03177757],
       [-0.01212999, -0.04514245, -0.02332911, -0.03210905],
       [ 0.00273103, -0.05561551, -0.00480254,  0.02535366],
       [ 0.01337321, -0.08958185, -0.02930937, -0.00550509],
       [ 0.00337926, -0.03029007,  0.00582049, -0.04081438]],
      dtype=float32)]
********************
[]
********************
[]
********************
[array([[-0.20144157,  0.44767833, -0.41389695, -0.00508679,  0.4690396 ,
         0.44280937,  0.15134875],
       [ 0.09294517,  0.3249014 , -0.65897125, -0.51282686,  0.14402851,
         0.1089405 ,  0.39060345],
       [-0.09374639, -0.772414  ,  0.34375212, -0.3456806 , -0.5952313 ,
        -0.4064942 , -0.44999424],
       [-0.29293165, -0.00949179,  0.47388348,  0.79288155, -0.38543558,
         0.25231668, -0.3939784 ],
       [-0.40877604, -0.49469584,  0.8492666 , -0.15517987, -0.17048411,
         0.63474834,  0.00747793],
       [ 0.6464007 , -0.47166595, -0.49111742,  0.8406708 , -0.41473463,
         0.69068015, -0.5410407 ]], dtype=float32), array([ 0.07524239, -0.07478285,  0.07767703,  0.07685644, -0.07621607,
        0.08316746, -0.07795715], dtype=float32)]
********************
[]
********************
[array([[-0.09351347],
       [ 1.0172998 ],
       [-0.35231036],
       [-0.41797298],
       [ 0.6726825 ],
       [-0.26640895],
       [ 0.43845293]], dtype=float32), array([-0.08132102], dtype=float32)]
********************
<---------------------------------->